4.5
4.0
4.9
5.0
4.8
4.6
4.4
4.0
4.1
4.2
4.5
4.0
4.9
5.0
4.8
4.6
4.4
4.0
4.1
4.2
4.5
4.0
4.9
5.0
4.8
4.6
4.4
4.0
4.1
4.2
4.5
4.0
4.9
5.0
4.8
4.6
4.4
4.0
4.1
4.2
4.5
4.0
4.9
5.0
4.8
4.6
4.4
4.0
4.1
4.2
4.5
4.0
4.9
5.0
4.8
4.6
4.4
4.0
4.1
4.2
4.5
4.0
4.9
5.0
4.8
4.6
4.4
4.0
4.1
4.2
4.5
4.0
4.9
5.0
4.8
4.6
4.4
4.0
4.1
4.2
4.5
4.0
4.9
5.0
4.8
4.6
4.4
4.0
4.1
4.2
4.5
4.0
4.9
5.0
4.8
4.6
4.4
4.0
4.1
4.2
4.5
4.0
4.9
5.0
4.8
4.6
4.4
4.0
4.1
4.2
4.5
4.0
4.9
5.0
4.8
4.6
4.4
4.0
4.1
4.2
4.5
4.0
4.9
5.0
4.8
4.6
4.4
4.0
4.1
4.2
4.5
4.0
4.9
5.0
4.8
4.6
4.4
4.0
4.1
4.2
4.5
4.0
4.9
5.0
4.8
4.6
4.4
4.0
4.1
4.2
4.5
4.0
4.9
5.0
4.8
4.6
4.4
4.0
4.1
4.2
5.0
4.8
4.6
4.4
4.0